5 3 0 4 2 1 9 8 0
0 1 8 0 3 5 0 6 4
9 0 2 8 7 0 3 5 1
2 6 9 1 0 4 5 0 3
3 8 4 0 5 9 6 1 2
0 0 5 2 0 3 4 9 8
8 0 3 6 1 2 7 4 5
6 0 7 3 0 8 1 2 9
4 2 1 5 9 7 8 0 6

0 3 6 4 8 1 9 0 7
7 1 0 9 3 5 0 6 4
9 4 8 2 7 6 3 5 0
8 6 9 0 2 0 5 7 3
3 2 4 7 5 0 6 1 8
1 0 5 8 6 3 4 9 2
2 9 3 0 1 0 7 0 5
6 0 7 3 4 2 1 8 9
0 8 1 5 9 7 2 3 0

5 3 6 4 0 1 9 0 7
7 1 8 9 3 5 2 0 4
2 4 9 8 7 6 3 5 1
9 6 2 0 0 4 5 7 3
3 8 4 7 5 9 6 1 2
1 7 5 2 6 3 4 9 8
8 9 3 0 1 2 7 0 0
6 5 7 3 4 8 1 0 9
4 2 1 5 9 7 0 3 6

8 0 0 0 0 0 0 0 0
0 0 3 6 0 0 0 0 0
0 7 0 0 9 0 2 0 0
0 5 0 0 0 7 0 0 0
0 0 0 0 4 5 7 0 0
0 0 0 0 1 0 0 3 0
0 0 1 0 0 0 0 6 8
0 0 8 5 0 0 0 1 0
0 9 0 0 0 0 4 0 0